0.2C charge : [-5.25065116e-17  2.40031902e-14 -4.64422175e-12  4.94969488e-10
 -3.16731172e-08  1.24344719e-06 -2.93492009e-05  3.90554976e-04
 -2.47430678e-03 -6.27397332e-03  4.13122888e+00]

0.5C charge : [-3.58706976e-17  1.55898972e-14 -2.82266036e-12  2.74347220e-10
 -1.52871361e-08  4.73978642e-07 -6.60775629e-06 -1.83370332e-05
  1.69918269e-03 -2.72081171e-02  4.09033666e+00]

1.0C charge : [-1.47427123e-17  5.77398139e-15 -8.86523273e-13  6.25159244e-11
 -1.16810077e-09 -1.20838481e-07  9.39945936e-06 -2.92684192e-04
  4.63391240e-03 -4.47995075e-02  4.01924810e+00]

2.0C charge : [ 1.34677655e-17 -7.40215873e-15  1.72958855e-12 -2.25998142e-10
  1.82369202e-08 -9.45908591e-07  3.17718017e-05 -6.77976193e-04
  8.78290729e-03 -6.97271581e-02  3.87939048e+00]

3.0C charge : [ 9.10312201e-17 -4.06336090e-14  7.79442723e-12 -8.41323281e-10
  5.62463839e-08 -2.42000816e-06  6.76407020e-05 -1.21618725e-03
  1.36777701e-02 -9.53165125e-02  3.74781486e+00]